COUNTY,SITE,BEGDATE,DIR,HR1,HR2,HR3,HR4,HR5,HR6,HR7,HR8,HR9,HR10,HR11,HR12,HR13,HR14,HR15,HR16,HR17,HR18,HR19,HR20,HR21,HR22,HR23,HR24,TOTVOL,PEAKHR,PEAKVOL,TYPE,TRUCKS
93,0010,05/08/2020,N,47,12,16,14,9,42,120,394,572,594,639,744,768,1108,854,877,969,915,622,540,391,270,172,112,10801,14,1108,,
93,0010,05/08/2020,S,163,118,134,121,147,165,253,327,394,372,397,458,548,499,540,538,475,450,354,326,244,140,208,185,7556,13,548,,
87,0031,05/08/2020,E,151,82,55,54,99,383,1140,1506,1431,1264,1200,1192,1219,1448,1315,1091,1285,1390,1280,1076,896,762,597,343,21259,08,1506,,
87,0031,05/08/2020,W,209,102,81,57,70,152,384,721,807,1029,1107,1237,1368,1457,1522,1554,1971,1670,1443,1202,1083,842,678,471,21217,17,1971,,
29,0037,05/08/2020,E,15,5,10,22,20,74,129,229,230,213,221,214,237,233,248,237,252,230,176,145,97,56,31,33,3357,17,252,,
29,0037,05/08/2020,W,26,9,13,9,26,39,97,168,145,133,178,236,275,277,259,290,321,335,241,188,161,119,59,34,3638,18,335,,
75,0038,05/08/2020,E,74,46,49,62,159,375,754,1083,1070,1024,1133,1229,1314,1269,1313,1322,1392,1229,1030,866,625,428,309,154,18309,17,1392,,
75,0038,05/08/2020,W,110,63,37,51,70,220,486,771,778,822,1011,1191,1355,1382,1463,1552,1541,1664,1380,1011,817,557,388,259,18979,18,1664,,
07,0039,05/08/2020,E,27,33,23,48,100,182,383,475,521,451,489,587,583,577,630,677,791,864,597,395,281,171,103,67,9055,18,864,,
07,0039,05/08/2020,W,41,31,13,48,105,420,631,595,411,432,549,527,608,627,569,617,662,651,514,375,286,196,116,76,9100,17,662,,
26,0043,05/08/2020,N,22,14,9,7,11,30,66,103,122,145,176,217,247,252,290,353,352,413,262,214,172,98,67,49,3691,18,413,,
26,0043,05/08/2020,S,16,8,9,16,30,79,282,354,290,207,256,246,245,215,218,233,238,205,171,134,108,63,69,37,3729,08,354,,
02,0044,05/08/2020,N,29,29,30,37,65,160,369,636,671,691,799,915,905,862,827,777,889,819,704,501,363,241,149,87,11555,12,915,,
02,0044,05/08/2020,S,31,24,31,19,54,129,227,331,402,455,526,609,621,624,675,682,718,726,542,365,302,180,116,80,8469,18,726,,
74,0047,05/08/2020,N,36,26,13,15,41,87,107,169,194,244,274,287,321,360,290,382,443,409,320,297,187,156,99,67,4824,17,443,,
74,0047,05/08/2020,S,14,21,24,31,61,147,223,224,247,238,290,328,331,352,378,336,370,340,308,249,189,136,78,61,4976,15,378,,
48,0048,05/08/2020,E,11,11,6,9,29,115,230,223,171,245,219,218,250,276,369,324,362,341,299,209,169,119,78,65,4348,15,369,,
48,0048,05/08/2020,W,18,6,7,7,21,48,102,118,120,129,147,181,208,198,263,262,263,213,188,143,112,63,43,28,2888,15,263,,
53,0050,05/08/2020,N,40,26,38,37,51,73,171,219,250,329,375,343,384,361,373,389,352,374,273,232,170,129,85,72,5146,16,389,,
53,0050,05/08/2020,S,66,52,60,55,104,167,289,330,342,443,483,557,561,620,569,596,592,585,465,402,299,206,132,80,8055,14,620,,
60,0051,05/08/2020,N,7,6,1,7,18,36,36,64,85,110,105,99,130,148,152,164,188,178,124,95,83,35,35,24,1930,17,188,,
60,0051,05/08/2020,S,11,10,9,17,31,100,138,157,114,109,136,138,137,134,169,169,161,138,122,68,63,30,28,21,2210,15,169,,
50,0054,05/08/2020,N,36,8,11,22,18,43,66,105,138,144,175,186,227,222,220,276,296,307,223,194,146,94,35,36,3228,18,307,,
50,0054,05/08/2020,S,12,13,17,19,35,85,238,239,158,164,165,200,187,208,216,198,203,201,163,136,138,85,46,32,3158,08,239,,
49,0060,05/08/2020,E,6,5,3,2,7,15,48,51,78,75,87,103,119,141,128,139,142,129,123,81,62,31,26,10,1611,17,142,,
49,0060,05/08/2020,W,7,3,2,6,12,28,50,94,95,102,116,147,153,126,157,162,149,128,135,119,78,54,27,23,1973,16,162,,
72,0062,05/08/2020,E,61,44,29,16,38,115,479,808,939,1045,1447,1901,1420,1404,1389,1474,1451,1313,1230,911,748,466,334,222,19284,12,1901,,
72,0062,05/08/2020,W,104,46,31,31,30,112,382,644,770,835,961,1181,1883,1450,1356,1397,1442,1340,1186,1036,1019,651,419,369,18675,13,1883,,
92,0065,05/08/2020,E,42,21,27,34,63,176,359,347,291,301,360,411,425,352,356,397,401,377,296,216,180,143,101,55,5731,13,425,,
92,0065,05/08/2020,W,47,29,21,34,35,120,235,213,249,247,224,300,324,318,343,385,498,532,426,313,247,194,137,71,5542,18,532,,
15,0066,05/08/2020,N,28,14,14,13,10,23,101,182,292,334,426,461,601,599,617,614,663,644,508,424,571,262,163,111,7675,17,663,,
15,0066,05/08/2020,S,30,31,8,10,10,34,126,249,347,384,530,618,694,713,681,682,635,714,585,595,379,273,148,102,8578,18,714,,
04,0068,05/08/2020,E,14,6,8,11,15,49,98,111,139,143,137,174,168,156,185,226,218,263,212,130,91,53,44,32,2683,18,263,,
04,0068,05/08/2020,W,10,3,6,15,35,110,262,225,172,150,167,137,159,174,170,165,143,149,112,114,99,47,48,31,2703,07,262,,
14,0079,05/08/2020,N,57,39,43,56,111,188,329,364,316,369,416,501,532,535,586,675,705,686,575,427,335,275,202,128,8450,17,705,,
14,0079,05/08/2020,S,51,39,38,62,106,220,376,489,498,445,438,497,501,520,524,640,601,557,454,348,284,208,146,104,8146,16,640,,
10,0080,05/08/2020,E,37,30,17,13,36,104,251,261,260,276,346,381,422,415,471,491,581,556,441,335,263,195,104,74,6360,17,581,,
10,0080,05/08/2020,W,40,21,19,22,63,223,416,357,334,336,351,437,446,435,449,497,487,454,387,297,285,178,109,75,6718,16,497,,
15,0086,05/08/2020,E,73,39,22,32,63,215,583,701,657,583,639,670,750,807,1021,983,976,932,700,531,478,403,281,239,12378,15,1021,,
15,0086,05/08/2020,W,61,43,27,29,56,167,429,662,703,647,716,880,906,887,1116,1201,1160,963,778,525,421,262,247,194,13080,16,1201,,
93,0087,05/08/2020,E,5,3,4,10,10,43,192,505,755,581,519,516,542,533,493,463,399,346,314,220,110,67,54,30,6714,09,755,,
93,0087,05/08/2020,W,12,5,8,3,6,17,60,161,288,399,481,526,631,625,796,860,817,557,438,342,342,130,73,54,7631,16,860,,
03,0094,05/08/2020,E,61,40,25,32,33,85,301,642,782,975,1141,1321,1469,1419,1532,1637,1722,1626,1028,814,891,555,349,197,18677,17,1722,,
03,0094,05/08/2020,W,47,32,20,44,83,293,891,1354,1271,1252,1426,1547,1552,1499,1426,1358,1233,1139,1013,723,531,326,229,127,19416,13,1552,,
87,0096,05/08/2020,N,175,114,70,93,163,314,684,830,687,611,625,672,701,809,851,980,931,982,830,624,508,470,353,266,13343,18,982,,
87,0096,05/08/2020,S,127,71,62,65,106,226,533,609,527,550,608,675,687,700,776,895,939,925,668,527,468,395,280,204,11623,17,939,,
93,0101,05/08/2020,E,142,65,74,82,191,595,1420,2008,1927,1857,1952,2072,2326,2280,2192,2291,2348,2134,1617,1309,954,665,431,300,31232,17,2348,,
93,0101,05/08/2020,W,161,98,75,122,150,355,1053,1498,1526,1764,1905,1973,2289,2318,2395,2559,2715,2147,1828,1518,1239,713,527,345,31273,17,2715,,
77,0102,05/08/2020,N,89,52,53,45,48,176,364,564,682,770,950,1092,1310,1295,1294,1390,1349,1466,1284,1022,833,509,365,230,17232,18,1466,,
77,0102,05/08/2020,S,76,57,53,70,97,233,636,844,883,903,1015,1138,1365,1239,1228,1200,1290,1294,1054,921,690,471,351,247,17355,13,1365,,
75,0104,05/08/2020,E,59,35,28,36,91,295,525,611,593,642,741,857,963,965,1014,1051,1117,1138,1030,730,530,364,360,200,13975,18,1138,,
75,0104,05/08/2020,W,77,48,37,58,87,272,481,585,591,591,620,673,750,725,821,980,998,1048,920,766,610,394,281,157,12570,18,1048,,
76,0105,05/08/2020,N,27,20,24,49,115,309,688,733,638,682,655,680,717,654,630,652,646,618,461,344,288,185,141,83,10039,08,733,,
76,0105,05/08/2020,S,38,29,25,29,32,78,244,332,344,393,529,577,733,707,801,878,972,1033,779,564,444,308,175,128,10172,18,1033,,
87,0108,05/08/2020,E,149,92,65,73,123,552,1865,2575,2412,1935,1670,1716,1799,1962,1976,1709,1679,1721,1575,1179,929,680,603,379,29418,08,2575,,
87,0108,05/08/2020,W,177,118,63,61,82,240,620,1224,1389,1538,1604,1759,1962,2498,2623,3267,3036,2254,1577,1349,1033,696,596,498,30264,16,3267,,
32,0112,05/08/2020,N,354,270,280,234,249,300,479,743,919,1157,1383,1430,1465,1415,1317,1294,1261,1294,1055,932,742,686,518,456,20233,13,1465,,
32,0112,05/08/2020,S,318,324,321,319,369,419,551,618,712,874,950,934,1000,1240,1278,1282,1155,1110,1073,931,815,645,526,442,18206,16,1282,,
70,0113,05/08/2020,E,85,60,28,58,86,172,490,947,1131,1289,1319,1582,1595,1619,1578,1541,1642,1444,1131,842,637,419,267,199,20161,17,1642,,
70,0113,05/08/2020,W,118,78,53,48,77,163,510,885,931,1066,1326,1567,1827,1748,1754,1854,1824,1770,1342,1033,866,564,416,280,22100,16,1854,,
70,0114,05/08/2020,N,28,20,59,30,48,156,376,552,537,527,508,541,575,599,616,627,606,571,397,289,221,150,92,74,8199,16,627,,
70,0114,05/08/2020,S,32,19,11,17,61,118,324,439,434,450,477,527,583,627,607,719,653,662,444,300,208,165,132,61,8070,16,719,,
34,0116,05/08/2020,N,20,13,12,20,24,65,120,191,238,304,427,478,497,575,582,579,568,575,528,409,276,174,108,72,6855,15,582,,
34,0116,05/08/2020,S,25,19,23,31,54,67,186,299,333,374,450,476,529,497,524,490,425,456,358,273,203,140,80,54,6366,13,529,,
53,0117,05/08/2020,E,26,19,6,18,32,105,211,381,422,473,587,652,704,634,634,685,647,553,452,338,280,173,101,80,8213,13,704,,
53,0117,05/08/2020,W,18,9,15,18,25,81,257,420,419,468,542,636,707,702,632,693,709,577,432,388,309,172,108,64,8401,17,709,,
57,0122,05/08/2020,E,43,25,19,30,70,174,300,495,481,483,499,503,549,530,552,598,558,552,378,321,211,124,98,75,7668,16,598,,
57,0122,05/08/2020,W,33,22,17,28,46,158,255,302,359,404,482,505,568,619,610,646,610,569,462,333,268,176,110,87,7669,16,646,,
75,0130,05/08/2020,E,398,296,221,333,552,1430,2840,2892,2770,2567,2607,2653,2856,2891,2947,3537,3076,3043,2760,2092,1729,1410,1119,853,47872,16,3537,,
75,0130,05/08/2020,W,455,319,302,279,482,1007,2312,2360,2232,2272,2416,2636,3049,3109,3337,3758,3725,3643,3141,2607,2039,1733,1515,1031,49759,16,3758,,
74,0132,05/08/2020,N,329,290,255,252,355,709,1066,1375,1331,1283,1680,1843,2128,1937,1993,1977,1860,1871,1517,1236,969,748,644,504,28152,13,2128,,
74,0132,05/08/2020,S,293,307,273,273,372,626,917,1030,1064,960,1358,1535,1655,1700,1841,1899,1850,1663,1431,1252,959,830,600,453,25141,16,1899,,
79,0133,05/08/2020,N,203,160,115,155,197,370,741,1197,1262,1343,1379,1368,1379,1478,1510,1428,1436,1365,1145,913,737,557,437,303,21178,15,1510,,
79,0133,05/08/2020,S,227,170,157,144,233,407,619,745,862,946,1038,1127,1199,1301,1430,1590,1685,1510,1246,976,746,564,431,322,19675,17,1685,,
70,0134,05/08/2020,N,187,143,126,128,183,443,919,1006,1044,1077,1156,1216,1231,1305,1413,1392,1495,1511,1340,1051,799,654,458,357,20634,18,1511,,
70,0134,05/08/2020,S,228,181,153,180,234,398,595,831,823,867,959,1044,1125,1220,1384,1561,1539,1536,1350,1133,803,582,484,337,19547,16,1561,,
87,0137,05/08/2020,E,528,329,289,364,666,1899,3659,4100,4013,3602,3472,3750,3999,4122,4154,4726,4674,4365,3548,2959,2369,1881,1467,1123,66058,16,4726,,
87,0137,05/08/2020,W,487,345,292,421,788,2045,3457,3677,3573,3379,3392,3785,3943,4171,4409,4636,4741,4635,3561,3042,2456,2000,1459,1063,65757,17,4741,,
88,0139,05/08/2020,E,27,31,39,21,40,78,120,172,126,174,197,208,238,199,224,236,220,239,229,199,160,111,71,55,3414,18,239,,
88,0139,05/08/2020,W,18,21,26,11,25,58,128,141,156,171,184,205,213,223,252,252,271,263,241,161,117,94,67,33,3331,17,271,,
93,0140,05/08/2020,E,19,20,20,12,40,154,275,253,193,189,139,181,199,215,196,227,225,218,172,100,112,74,52,37,3322,07,275,,
93,0140,05/08/2020,W,28,24,18,23,47,119,220,179,182,179,204,223,213,232,244,282,338,289,217,139,83,66,49,41,3639,17,338,,
03,0143,05/08/2020,N,45,30,57,37,162,425,564,404,335,319,425,422,454,517,514,605,700,737,493,375,323,271,227,179,8620,18,737,,
03,0143,05/08/2020,S,43,19,27,32,108,195,525,619,478,404,444,407,490,509,495,606,636,650,552,457,427,253,130,118,8624,18,650,,
94,0144,05/08/2020,E,11,2,2,3,13,29,86,89,89,90,115,91,108,96,125,117,136,138,83,44,37,32,21,15,1572,18,138,,
94,0144,05/08/2020,W,6,1,1,2,14,42,144,141,98,124,109,75,112,120,90,121,130,110,72,46,50,25,11,21,1665,07,144,,
04,0145,05/08/2020,N,25,14,16,31,42,110,203,212,231,274,282,315,322,340,329,329,356,406,282,255,152,116,78,56,4776,18,406,,
04,0145,05/08/2020,S,32,35,60,49,54,168,232,273,236,237,293,282,283,279,352,336,325,292,270,214,172,104,69,37,4684,15,352,,
13,0146,05/08/2020,E,16,8,5,9,20,34,71,128,147,153,204,250,217,254,261,304,291,308,229,171,137,87,62,50,3416,18,308,,
13,0146,05/08/2020,W,8,4,7,8,25,90,214,232,193,223,210,212,234,237,237,237,217,193,174,124,112,46,36,26,3299,14,237,,
33,0149,05/08/2020,N,7,11,6,7,28,48,92,138,113,135,118,154,131,164,145,159,172,165,122,90,61,38,33,24,2161,17,172,,
33,0149,05/08/2020,S,15,11,7,10,12,37,69,92,103,107,119,133,168,180,188,197,169,213,149,126,119,64,34,42,2364,18,213,,
55,0151,05/08/2020,E,77,69,43,30,33,49,184,436,455,464,567,753,862,919,838,932,896,979,704,578,454,373,224,153,11072,18,979,,
55,0151,05/08/2020,W,86,40,40,35,35,59,225,489,469,437,456,570,697,688,719,706,725,740,592,620,472,371,239,159,9669,18,740,,
61,0152,05/08/2020,E,112,89,106,94,135,202,297,376,492,601,577,558,660,659,642,623,548,494,470,393,251,179,152,125,8835,13,660,,
61,0152,05/08/2020,W,129,103,99,110,108,209,292,354,467,506,567,592,633,683,727,723,699,676,510,475,368,308,226,201,9765,15,727,,
75,0154,05/08/2020,N,142,103,70,91,128,341,704,978,929,832,914,1130,1273,1236,1415,1437,1401,1447,1302,1073,856,735,547,414,19498,18,1447,,
75,0154,05/08/2020,S,109,86,115,160,315,600,1056,1123,1004,936,1022,1182,1389,1362,1402,1439,1532,1601,1356,1091,901,735,473,304,21293,18,1601,,
48,0156,05/08/2020,E,180,177,160,169,207,513,968,1171,1096,1042,1160,1223,1286,1293,1366,1445,1454,1303,1051,803,611,499,382,252,19811,17,1454,,
48,0156,05/08/2020,W,157,147,144,150,218,451,785,815,893,891,989,1246,1431,1300,1333,1429,1544,1403,1262,779,584,515,377,357,19200,17,1544,,
72,0161,05/08/2020,E,127,100,64,55,88,206,580,808,903,965,1082,1107,1276,1230,1400,1582,1431,1395,1033,872,708,525,357,283,18177,16,1582,,
72,0161,05/08/2020,W,130,80,56,60,89,313,908,1092,1035,931,987,1293,1244,1242,1194,1269,1327,1230,997,797,593,496,354,257,17974,17,1327,,
10,0162,05/08/2020,E,92,73,63,43,82,164,382,584,622,615,675,876,906,875,942,1120,1018,931,638,484,437,361,303,232,12518,16,1120,,
10,0162,05/08/2020,W,74,70,70,93,186,397,863,946,824,777,842,892,977,995,918,875,852,817,571,493,416,380,302,171,13801,14,995,,
90,0164,05/08/2020,N,20,24,17,23,65,138,236,365,474,492,535,517,563,575,673,745,795,767,482,324,238,193,139,62,8462,17,795,,
90,0164,05/08/2020,S,42,27,36,46,108,299,663,737,647,484,428,511,490,573,533,581,634,571,477,435,357,239,148,96,9162,08,737,,
90,0165,05/08/2020,N,83,60,28,38,50,133,376,696,767,867,969,1018,1223,1259,1249,1334,1344,1236,957,694,596,413,331,199,15920,17,1344,,
90,0165,05/08/2020,S,56,30,25,27,44,154,484,1130,1169,997,987,987,1123,1071,1009,998,993,896,788,547,456,327,225,155,14678,09,1169,,
46,0166,05/08/2020,E,36,19,12,13,14,38,144,203,282,342,388,509,478,459,459,466,488,463,477,397,283,200,142,81,6393,12,509,,
46,0166,05/08/2020,W,34,18,17,14,17,39,161,236,301,375,392,484,487,494,468,492,479,508,452,410,375,301,224,113,6891,18,508,,
57,0167,05/08/2020,E,113,55,50,72,238,882,1475,1587,1407,1261,1217,1167,1218,1164,1138,1059,1068,954,799,589,497,318,245,194,18767,08,1587,,
57,0167,05/08/2020,W,113,75,54,56,65,198,396,644,731,845,1019,1232,1406,1388,1770,1771,1785,1618,1157,874,595,422,309,196,18719,17,1785,,
79,0170,05/08/2020,E,42,24,23,21,42,101,177,262,350,352,356,438,457,489,523,558,582,610,498,325,217,147,98,92,6784,18,610,,
79,0170,05/08/2020,W,22,26,16,39,80,209,406,543,456,406,388,416,430,399,427,401,422,368,279,192,159,116,76,44,6320,08,543,,
72,0171,05/08/2020,N,451,344,341,328,549,1422,3276,3674,3553,3341,3585,4226,3902,3741,3961,4209,4075,3825,3334,2452,1823,1546,1221,942,60121,12,4226,,
72,0171,05/08/2020,S,600,430,413,353,513,1173,2890,3465,3235,2963,3193,3496,4201,3930,4262,4396,4444,3988,3189,2544,1969,1642,1390,1013,59692,17,4444,,
72,0172,05/08/2020,N,102,65,51,59,124,291,761,868,883,903,880,941,1025,1040,1020,1063,1098,1033,891,798,584,474,334,217,15505,17,1098,,
72,0172,05/08/2020,S,157,77,73,43,52,100,275,514,639,806,900,1058,1231,1255,1338,1465,1572,1455,1181,907,807,639,416,337,17297,17,1572,,
47,0173,05/08/2020,E,18,17,11,30,62,120,167,208,237,295,318,403,369,379,403,407,468,462,308,259,167,116,65,35,5324,17,468,,
47,0173,05/08/2020,W,13,14,13,27,92,173,260,294,295,329,408,422,338,377,421,440,402,363,355,225,160,82,65,46,5614,16,440,,
93,0174,05/08/2020,N,540,384,332,417,716,1690,4583,6462,6046,4832,4621,5063,5098,5341,5277,5953,6341,5885,4488,3323,2686,2156,1589,1163,84986,08,6462,,
93,0174,05/08/2020,S,665,390,367,375,655,1546,3397,4902,4701,4266,4307,4780,5111,5022,4636,5239,6478,6360,4834,3802,3093,2355,1765,1233,80279,17,6478,,
75,0175,05/08/2020,N,100,89,68,102,162,351,856,1085,1014,1078,1067,1180,1185,1281,1225,1271,1203,1219,982,819,567,443,348,190,17885,14,1281,,
75,0175,05/08/2020,S,123,86,73,97,145,329,677,871,885,914,983,1157,1310,1265,1413,1447,1395,1244,1042,863,701,514,382,279,18195,16,1447,,
86,0176,05/08/2020,N,0,0,0,0,0,0,0,0,0,0,0,0,0,0,0,0,0,0,0,0,0,0,0,0,0,01,0,,
86,0176,05/08/2020,S,126,91,60,45,73,143,255,385,475,528,549,612,685,682,646,749,754,808,717,634,515,341,314,225,10412,18,808,,
11,0177,05/08/2020,E,77,51,64,53,115,234,502,874,985,979,1222,1272,1342,1327,1359,1339,1501,1394,907,632,483,376,236,158,17482,17,1501,,
11,0177,05/08/2020,W,85,64,47,59,89,290,740,1027,1032,965,1083,1128,1267,1190,1244,1288,1212,1190,906,631,506,343,247,164,16797,16,1288,,
87,0178,05/08/2020,N,134,70,58,53,152,636,1545,1637,1723,1651,1555,1597,1809,1683,1653,1814,1740,1710,1524,1359,1122,794,580,360,26959,16,1814,,
87,0178,05/08/2020,S,228,88,73,65,95,326,890,1291,1451,1412,1475,1562,1794,1824,1998,2022,2117,2274,1870,1323,1139,849,610,548,27324,18,2274,,
13,0180,05/08/2020,N,66,35,30,46,58,190,628,644,709,768,944,1000,1273,1238,1220,1321,1347,1280,909,744,589,433,246,168,15886,17,1347,,
13,0180,05/08/2020,S,60,39,27,37,75,234,637,978,913,889,925,986,1041,1051,1042,950,1075,984,881,620,452,302,275,128,14601,17,1075,,
17,0181,05/08/2020,N,30,20,22,18,49,140,385,843,865,878,1038,1053,1106,1043,1111,1019,951,968,735,482,390,206,130,86,13568,15,1111,,
17,0181,05/08/2020,S,31,24,17,18,34,86,219,438,553,705,862,1033,1051,1134,1186,1175,1180,1061,803,555,502,298,176,99,13240,15,1186,,
74,0182,05/08/2020,E,40,48,50,57,96,203,486,597,663,641,706,774,893,710,749,786,803,782,564,418,280,193,132,107,10778,13,893,,
74,0182,05/08/2020,W,70,62,50,58,141,306,501,561,549,556,626,650,662,806,1030,1004,1029,1032,720,527,492,401,227,156,12216,18,1032,,
15,0183,05/08/2020,N,146,80,67,64,203,500,1348,1488,1324,1245,1279,1513,1581,1642,1690,1729,1805,1612,1414,1013,866,717,447,320,24093,17,1805,,
15,0183,05/08/2020,S,154,102,81,71,157,518,1103,1322,1292,1261,1301,1375,1638,1760,1708,2102,2287,2068,1400,1076,811,684,496,330,25097,17,2287,,
12,0184,05/08/2020,N,244,195,150,174,329,800,1570,2058,2049,1974,2256,2578,2836,3053,3390,4017,4411,3844,2868,2023,1575,1099,785,571,44849,17,4411,,
12,0184,05/08/2020,S,184,154,158,275,493,1511,4031,4052,3286,2616,2590,2520,2422,2508,2617,2603,2539,2514,2077,1479,1130,900,594,388,43641,08,4052,,
26,0185,05/08/2020,N,105,66,69,88,81,189,461,636,636,659,724,804,898,852,995,965,1097,897,791,709,543,370,265,204,13104,17,1097,,
26,0185,05/08/2020,S,106,69,54,56,95,207,499,728,621,677,708,766,857,725,797,878,905,901,729,613,497,340,254,202,12284,17,905,,
87,0188,05/08/2020,E,69,26,38,33,96,412,1002,1178,1155,942,924,927,1497,1300,890,790,804,774,823,603,498,349,268,184,15582,13,1497,,
87,0188,05/08/2020,W,84,37,35,26,43,83,277,543,549,683,706,785,989,1527,1160,1214,1264,1223,993,903,658,476,305,258,14821,14,1527,,
71,0189,05/08/2020,N,66,45,44,55,147,480,924,1118,1229,1170,1232,1414,1584,1364,1322,1515,1533,1394,1079,809,553,353,242,159,19831,13,1584,,
71,0189,05/08/2020,S,103,46,52,44,121,266,690,876,900,991,1101,1319,1497,1521,1485,1685,1760,1634,1273,984,689,477,350,220,20084,17,1760,,
14,0190,05/08/2020,N,377,290,236,304,513,910,1860,2219,2438,2513,2641,2806,2849,2875,3033,3649,3820,3469,2748,2144,1569,1221,868,634,45986,17,3820,,
14,0190,05/08/2020,S,427,276,304,355,579,1514,2621,2669,2466,2340,2425,2307,2442,2577,2826,2932,2696,2832,2520,1992,1642,1333,937,665,43677,16,2932,,
03,0191,05/08/2020,N,199,106,108,158,280,577,1506,1934,1857,1762,1928,2203,2459,2394,2628,3262,3223,3065,2139,1629,1224,905,622,407,36575,16,3262,,
03,0191,05/08/2020,S,136,118,105,164,245,802,2713,3240,2725,2219,1993,2127,2058,2224,2222,2435,2249,2283,1860,1436,1038,747,526,352,36017,08,3240,,
46,0192,05/08/2020,E,9,6,4,3,10,35,81,61,67,87,81,86,116,100,116,134,152,141,104,70,51,36,23,17,1590,17,152,,
46,0192,05/08/2020,W,5,11,2,8,27,98,110,73,75,89,90,103,79,112,93,114,113,106,83,70,57,22,21,7,1568,16,114,,
87,0193,05/08/2020,E,39,23,15,16,59,235,714,941,1037,805,716,616,782,679,601,594,597,586,549,379,271,209,166,98,10727,09,1037,,
87,0193,05/08/2020,W,63,19,28,17,20,56,160,345,430,495,558,615,805,893,975,1155,1183,1145,798,604,462,322,194,186,11528,17,1183,,
94,0195,05/08/2020,E,10,8,6,10,14,60,151,187,180,190,170,175,196,212,214,223,185,238,185,136,109,56,61,21,2997,18,238,,
94,0195,05/08/2020,W,10,9,9,13,34,61,153,164,147,184,188,174,201,168,189,202,259,228,183,143,65,65,49,31,2929,17,259,,
77,0197,05/08/2020,E,105,52,73,81,88,271,867,1160,1139,1186,1136,1333,1422,1377,1428,1342,1350,1412,1209,952,665,479,315,174,19616,15,1428,,
77,0197,05/08/2020,W,94,59,37,52,68,206,492,786,864,1051,1029,1075,1229,1276,1189,1317,1242,1312,1030,813,646,413,281,164,16725,16,1317,,
93,0198,05/08/2020,N,678,442,306,361,493,1124,3071,4316,4488,4239,4333,4740,4978,5626,5545,6948,7383,7371,5282,3911,3089,2446,1773,1427,84370,17,7383,,
93,0198,05/08/2020,S,613,426,362,420,752,2337,5793,6749,5959,4799,4507,4871,5528,4228,3423,4826,5515,5064,4292,3509,2891,2283,1817,1227,82191,08,6749,,
14,0199,05/08/2020,N,241,138,102,94,124,264,601,1130,1256,1493,1605,1724,1872,2042,2142,2255,2515,2442,1904,1346,1218,870,654,489,28521,17,2515,,
14,0199,05/08/2020,S,183,105,105,126,253,700,1390,1763,1669,1633,1681,1872,1923,2001,1871,1934,1866,1860,1497,1222,991,794,558,381,28378,14,2001,,
32,0202,05/08/2020,N,5,5,4,2,11,17,19,34,33,31,42,32,43,46,41,40,41,56,42,50,24,20,15,9,662,18,56,,
32,0202,05/08/2020,S,0,4,3,3,12,24,27,27,37,32,32,35,35,34,34,42,37,32,33,21,20,16,11,6,557,16,42,,
12,0203,05/08/2020,E,150,92,61,101,194,479,998,1209,1134,1191,1377,1574,1659,1735,1740,2028,1769,1529,1383,1031,771,570,396,280,23451,16,2028,,
12,0203,05/08/2020,W,126,87,69,78,124,397,1150,1733,1576,1460,1539,1543,1665,1665,1629,1747,1724,1546,1184,880,721,568,435,280,23926,16,1747,,
75,0204,05/08/2020,E,204,188,185,171,321,634,1184,1379,1226,1336,1536,1569,1769,1765,1982,2210,2261,2330,1633,1165,923,755,564,451,27741,18,2330,,
75,0204,05/08/2020,W,133,113,166,255,521,985,1756,2056,1919,1527,1555,1516,1673,1665,1642,1871,1790,1680,1412,1066,811,624,448,298,27482,08,2056,,
55,0207,05/08/2020,N,15,18,4,3,1,12,43,130,176,203,218,257,283,317,317,329,397,411,285,213,142,92,70,39,3975,18,411,,
55,0207,05/08/2020,S,11,5,7,5,8,26,111,236,274,261,233,317,280,249,285,283,276,265,206,163,139,104,77,42,3863,12,317,,
55,0211,05/08/2020,E,10,9,6,8,21,62,230,311,207,152,206,178,179,157,155,171,166,170,180,122,94,76,50,23,2943,08,311,,
55,0211,05/08/2020,W,12,11,4,7,14,32,79,92,111,134,168,152,183,217,209,246,325,332,235,175,115,67,43,46,3009,18,332,,
86,0214,05/08/2020,E,172,131,95,106,196,607,1279,1714,1571,1315,1328,1270,1460,1376,1589,1476,1466,1379,1218,939,846,692,615,394,23234,08,1714,,
86,0214,05/08/2020,W,218,120,100,76,122,188,380,726,809,810,897,1075,1167,1257,1294,1665,1894,1832,1424,1082,1000,789,626,497,20048,17,1894,,
86,0215,05/08/2020,N,27,7,7,8,10,21,77,164,208,225,270,326,311,319,336,390,370,333,261,241,196,156,102,79,4444,16,390,,
86,0215,05/08/2020,S,32,29,9,4,4,28,85,183,263,260,269,316,373,376,367,402,408,370,334,338,285,183,126,79,5123,17,408,,
72,0216,05/08/2020,N,184,122,110,188,295,732,1321,1482,1239,1261,887,1170,1677,1769,1926,2194,2206,2105,1670,1256,1065,754,528,401,26542,17,2206,,
72,0216,05/08/2020,S,273,174,185,193,366,873,1965,2250,1938,1868,2154,2048,2293,2217,2582,2984,3014,2897,2335,1580,1269,1010,791,547,37806,17,3014,,
93,0217,05/08/2020,N,302,208,140,222,322,747,1958,2748,2670,2748,2831,3102,3353,3356,3494,4431,4824,4425,3097,2153,1585,1196,883,653,51448,17,4824,,
93,0217,05/08/2020,S,337,222,267,254,550,1217,2763,4000,3438,2731,2539,2656,2701,2745,2846,3121,3436,3246,2747,2077,1738,1375,958,484,48448,08,4000,,
53,0218,05/08/2020,E,119,116,114,111,159,255,334,437,558,665,649,645,698,726,722,708,614,515,503,423,262,211,162,144,9850,14,726,,
53,0218,05/08/2020,W,128,125,112,118,130,260,330,413,531,562,638,668,722,760,805,805,735,713,592,499,407,342,231,211,10837,15,805,,
57,0219,05/08/2020,N,29,16,13,15,36,89,201,291,305,312,339,388,438,492,709,754,627,513,379,260,210,137,100,75,6728,16,754,,
57,0219,05/08/2020,S,45,14,18,50,89,355,660,577,472,404,469,476,442,441,508,502,150,96,79,50,49,31,20,14,6011,07,660,,
50,0220,05/08/2020,E,180,158,143,152,152,222,588,794,670,648,803,833,907,861,983,1004,993,992,774,601,555,466,337,253,14069,16,1004,,
50,0220,05/08/2020,W,189,129,135,118,123,208,338,590,653,720,766,776,919,1010,1107,1137,1131,1167,988,773,627,519,365,308,14796,18,1167,,
97,0223,05/08/2020,N,25,13,15,15,20,65,135,126,149,128,134,159,177,148,202,267,223,261,159,105,93,52,48,41,2760,16,267,,
97,0223,05/08/2020,S,16,18,10,24,56,133,213,190,134,134,114,139,161,171,176,256,189,179,150,103,77,57,43,21,2764,16,256,,
17,0225,05/08/2020,N,249,192,182,242,447,1079,2477,3340,1847,0,2945,3193,3281,3342,3434,3737,3725,3330,2715,1862,1570,1146,794,529,45658,16,3737,,
17,0225,05/08/2020,S,323,249,214,261,407,861,2330,3177,1722,0,2950,2948,3289,3450,3591,4015,4166,3660,2641,1963,1451,1073,858,596,46195,17,4166,,
90,0227,05/08/2020,N,28,15,13,15,39,64,186,296,338,397,409,459,474,503,459,480,461,415,293,197,151,99,62,39,5892,14,503,,
90,0227,05/08/2020,S,14,15,20,26,46,91,202,388,377,389,410,422,433,421,401,435,394,411,269,190,142,85,63,37,5681,16,435,,
01,0228,05/08/2020,E,37,30,29,47,80,191,449,740,783,864,1003,1071,1152,1243,1285,1430,1343,1126,751,538,424,286,190,116,15208,16,1430,,
01,0228,05/08/2020,W,51,21,23,35,57,219,717,1046,941,1033,1098,1118,1202,1189,1205,1149,1120,1020,729,523,405,235,168,97,15401,15,1205,,
09,0229,05/08/2020,E,13,11,9,26,29,86,169,269,208,193,200,209,206,218,215,219,248,195,158,133,93,52,47,16,3222,08,269,,
09,0229,05/08/2020,W,11,11,5,11,23,61,110,187,141,156,175,199,232,221,248,231,278,280,194,153,128,75,44,37,3211,18,280,,
16,0230,05/08/2020,N,30,24,27,29,45,98,183,173,191,200,198,216,229,212,248,308,307,328,225,164,137,98,78,66,3814,18,328,,
16,0230,05/08/2020,S,30,19,20,25,52,114,196,230,200,190,220,221,281,228,241,265,281,258,248,184,135,79,58,56,3831,13,281,,
26,0231,05/08/2020,N,10,7,9,19,37,36,107,139,110,111,108,144,153,138,178,182,181,180,134,116,77,51,31,19,2277,16,182,,
26,0231,05/08/2020,S,11,3,7,8,20,40,84,134,122,109,140,133,174,144,152,188,179,169,119,78,59,34,40,10,2157,16,188,,
27,0232,05/08/2020,N,9,8,12,8,10,20,26,59,54,62,80,76,114,107,125,158,156,183,159,87,88,77,38,33,1749,18,183,,
27,0232,05/08/2020,S,7,6,5,12,24,71,92,94,82,77,86,102,100,98,93,95,98,101,102,82,51,41,19,22,1560,12,102,,
71,0233,05/08/2020,N,40,12,29,49,110,315,524,573,583,575,581,592,587,563,486,580,622,610,516,376,306,207,135,68,9039,17,622,,
71,0233,05/08/2020,S,50,38,34,41,63,118,264,332,343,421,467,513,595,699,698,810,854,855,762,550,446,284,169,103,9509,18,855,,
30,0234,05/08/2020,N,4,4,3,5,4,28,32,46,53,69,93,100,98,126,121,110,112,142,97,87,69,50,24,21,1498,18,142,,
30,0234,05/08/2020,S,10,4,4,3,16,16,41,79,78,84,91,98,97,98,99,93,111,115,91,88,56,45,33,24,1474,18,115,,
72,0235,05/08/2020,N,21,23,19,18,32,84,127,113,105,149,149,183,152,159,130,155,150,120,93,87,66,49,44,32,2260,12,183,,
72,0235,05/08/2020,S,21,21,18,22,38,65,126,110,105,125,128,166,139,142,152,164,155,161,150,67,54,50,40,31,2250,12,166,,
72,0236,05/08/2020,N,0,0,0,0,0,0,0,0,0,0,0,0,0,339,280,280,239,248,180,119,61,53,32,19,1850,14,339,,
72,0236,05/08/2020,S,0,0,0,0,0,0,0,0,0,0,0,0,0,240,272,312,294,266,213,160,139,70,52,23,2041,16,312,,
33,0237,05/08/2020,N,2,1,2,1,0,6,9,13,25,24,11,23,21,21,42,32,38,34,25,20,17,10,9,5,391,15,42,,
33,0237,05/08/2020,S,4,2,0,5,3,10,20,29,26,29,34,30,22,32,42,41,40,40,45,33,22,10,7,3,529,19,45,,
37,0238,05/08/2020,E,203,160,171,160,212,240,307,479,490,546,644,738,878,931,976,961,936,889,869,659,566,404,356,221,12996,15,976,,
37,0238,05/08/2020,W,192,134,117,110,135,187,329,477,522,588,703,877,786,918,918,886,944,892,806,656,544,424,351,251,12747,17,944,,
34,0239,05/08/2020,E,4,2,1,1,5,6,10,25,30,33,38,32,48,56,68,69,79,56,50,20,39,18,9,6,705,17,79,,
34,0239,05/08/2020,W,1,1,0,1,2,7,24,31,29,47,51,82,84,66,64,65,54,61,52,34,38,13,4,9,820,13,84,,
76,0240,05/08/2020,E,19,17,16,47,100,215,314,393,389,383,438,455,481,442,473,444,398,396,286,212,163,115,72,50,6318,13,481,,
76,0240,05/08/2020,W,28,31,19,20,22,46,120,177,186,255,282,357,402,441,481,554,627,607,506,307,300,179,128,83,6158,17,627,,
37,0241,05/08/2020,N,3,8,5,5,13,20,67,113,86,118,117,104,123,120,109,125,113,134,121,77,43,36,16,16,1692,18,134,,
37,0241,05/08/2020,S,7,1,6,11,9,28,66,73,99,98,89,120,118,128,98,128,155,151,118,78,58,39,26,21,1725,17,155,,
37,0242,05/08/2020,N,2,4,2,5,15,22,67,111,74,98,94,123,142,113,119,122,113,122,111,65,54,36,25,9,1648,13,142,,
37,0242,05/08/2020,S,9,6,5,9,9,19,39,78,100,75,92,121,152,133,127,132,163,170,109,96,72,42,21,25,1804,18,170,,
48,0243,05/08/2020,N,11,7,12,8,21,37,98,123,115,137,162,173,166,179,183,199,196,208,173,111,76,61,33,24,2513,18,208,,
48,0243,05/08/2020,S,6,7,10,11,25,66,90,89,122,146,150,217,204,198,220,196,218,215,157,113,75,59,38,30,2662,15,220,,
54,0245,05/08/2020,N,6,1,3,2,5,10,29,43,48,29,50,44,63,61,54,52,69,83,49,23,34,10,6,6,780,18,83,,
54,0245,05/08/2020,S,3,2,1,2,0,6,44,59,47,44,44,43,46,55,50,49,59,52,43,41,23,20,12,7,752,08,59,,
11,0246,05/08/2020,E,12,13,11,29,84,252,332,432,346,389,418,438,417,448,489,465,484,516,416,273,224,153,104,72,6817,18,516,,
11,0246,05/08/2020,W,36,19,13,19,32,66,145,266,316,342,355,367,393,426,483,495,588,556,446,365,255,171,117,74,6345,17,588,,
53,0247,05/08/2020,N,2,3,1,3,11,23,57,88,78,97,109,116,91,98,105,150,116,104,84,86,49,37,22,17,1547,16,150,,
53,0247,05/08/2020,S,6,4,5,3,11,43,73,61,72,82,116,106,98,114,118,135,113,121,111,85,47,15,25,10,1574,16,135,,
53,0248,05/08/2020,E,7,7,5,7,19,20,29,36,72,73,92,77,91,75,84,80,72,66,69,55,21,32,12,12,1113,11,92,,
53,0248,05/08/2020,W,7,8,7,7,15,33,62,76,80,86,97,77,95,128,147,110,109,99,84,65,40,35,20,13,1500,15,147,,
36,0249,05/08/2020,E,131,76,52,47,74,169,347,534,583,641,695,802,965,943,1086,1251,1240,1178,968,793,627,434,339,299,14274,16,1251,,
36,0249,05/08/2020,W,80,55,63,90,201,400,776,1191,940,827,904,986,1015,1034,987,928,963,888,731,591,459,302,248,193,14852,08,1191,,
57,0250,05/08/2020,N,57,31,25,57,94,353,793,774,675,764,829,898,1005,1016,1114,1082,1171,1059,662,491,364,220,173,111,13818,17,1171,,
57,0250,05/08/2020,S,59,36,36,44,135,378,828,1059,885,893,907,975,1036,1027,1072,1114,1011,828,664,445,291,223,164,127,14237,16,1114,,
58,0251,05/08/2020,E,14,21,6,19,25,54,96,115,133,118,157,157,127,118,105,111,121,81,85,78,48,20,18,10,1837,11,157,,
58,0251,05/08/2020,W,15,5,5,13,24,82,121,88,122,115,118,121,114,130,93,95,119,105,80,59,41,26,12,10,1713,14,130,,
59,0252,05/08/2020,N,2,2,4,3,8,23,55,52,45,54,41,65,47,58,64,55,62,64,60,42,26,25,8,4,869,12,65,,
59,0252,05/08/2020,S,2,6,4,1,2,11,27,51,37,45,41,48,59,60,57,55,72,64,61,55,40,23,23,5,849,17,72,,
86,0255,05/08/2020,E,112,78,68,92,102,271,719,1059,1116,1005,1107,1200,1356,1135,1296,1358,1412,1439,1161,778,652,503,439,222,18680,18,1439,,
86,0255,05/08/2020,W,127,77,62,73,115,246,630,1023,1006,992,995,1123,1140,1254,1212,1398,1399,1281,1062,817,669,505,400,278,17884,17,1399,,
86,0256,05/08/2020,E,56,32,16,24,43,166,367,653,652,699,732,767,875,871,889,926,947,900,809,576,467,293,175,122,12057,17,947,,
86,0256,05/08/2020,W,51,30,19,19,33,82,315,504,597,598,639,703,754,793,775,896,929,891,652,441,357,203,158,128,10567,17,929,,
87,0258,05/08/2020,N,133,74,44,40,77,154,284,361,435,520,580,653,644,727,800,758,821,843,723,684,595,502,333,266,11051,18,843,,
87,0258,05/08/2020,S,149,84,60,39,58,123,281,366,435,520,617,698,765,705,764,796,781,849,794,688,628,462,396,329,11387,18,849,,
89,0259,05/08/2020,N,20,3,6,4,15,43,107,123,180,256,352,400,485,475,499,464,443,405,275,205,152,80,60,34,5086,15,499,,
89,0259,05/08/2020,S,14,6,4,2,11,49,118,202,221,266,307,323,353,404,470,427,390,377,257,193,156,97,54,49,4750,15,470,,
94,0260,05/08/2020,N,204,236,148,193,356,729,1466,1897,1741,1574,1711,1753,1949,1971,1920,2130,2237,2148,1752,1353,1029,756,599,384,30236,17,2237,,
94,0260,05/08/2020,S,282,195,182,246,311,650,1189,1436,1404,1373,1432,1441,1609,1700,1916,2151,2333,2289,1830,1455,1159,845,665,428,28521,17,2333,,
11,0262,05/08/2020,N,0,0,0,0,0,0,0,0,0,0,0,0,57,290,106,81,87,0,0,3,93,109,92,33,951,14,290,,
11,0262,05/08/2020,S,14,10,10,15,30,65,180,251,259,266,295,303,305,297,290,349,311,287,220,194,148,105,65,42,4311,16,349,,
73,0263,05/08/2020,N,27,34,23,18,20,75,191,250,226,248,261,330,370,417,487,529,618,553,325,272,235,158,119,86,5872,17,618,,
73,0263,05/08/2020,S,28,20,16,38,52,179,353,538,399,366,342,361,347,384,400,401,374,291,266,194,134,110,79,68,5740,08,538,,
36,0264,05/08/2020,E,57,29,24,34,36,83,152,295,393,545,693,763,865,980,999,1010,1046,1066,832,662,517,351,213,115,11760,18,1066,,
36,0264,05/08/2020,W,45,24,32,34,76,200,447,671,606,692,706,749,782,787,745,746,722,664,596,492,361,223,144,78,10622,14,787,,
92,0265,05/08/2020,E,182,127,109,83,135,258,650,937,985,1123,1336,1502,1677,1748,1797,2065,2001,1728,1632,1463,1242,808,658,500,24746,16,2065,,
92,0265,05/08/2020,W,176,108,111,129,184,423,980,1097,997,1101,1310,1479,1785,1858,1913,1898,1956,1983,1827,1417,1068,834,686,416,25736,18,1983,,
97,0267,05/08/2020,N,200,170,181,266,528,1733,3129,3201,2777,2360,2227,2311,2512,2714,2779,2879,2883,2510,2080,1671,1282,991,731,546,42661,08,3201,,
97,0267,05/08/2020,S,241,193,130,165,227,588,1420,1886,2092,2013,2010,2142,2384,2468,2974,3597,3814,3485,2532,1814,1427,1046,697,522,39867,17,3814,,
29,0269,05/08/2020,E,149,137,137,144,189,261,293,376,407,488,567,561,693,711,740,786,778,746,678,573,473,367,295,225,10774,16,786,,
29,0269,05/08/2020,W,124,131,104,100,112,210,330,403,474,555,659,701,701,695,718,758,754,715,625,513,358,280,255,195,10470,16,758,,
03,0270,05/08/2020,E,5,5,3,10,13,20,39,36,52,62,110,94,125,128,119,109,136,125,99,78,66,34,20,13,1501,17,136,,
03,0270,05/08/2020,W,5,4,2,2,4,13,25,53,45,59,70,68,66,70,78,101,107,87,91,77,50,57,29,9,1172,17,107,,
04,0271,05/08/2020,E,16,11,13,12,16,55,122,197,165,192,197,218,237,250,250,278,298,268,202,180,144,75,84,43,3523,17,298,,
04,0271,05/08/2020,W,12,16,12,9,23,101,208,179,172,174,205,210,211,233,275,242,256,269,212,161,131,92,84,32,3519,15,275,,
05,0272,05/08/2020,E,6,5,3,15,26,67,135,144,162,132,148,163,176,174,175,186,149,156,131,87,49,29,20,18,2356,16,186,,
05,0272,05/08/2020,W,19,3,5,10,15,47,101,126,145,119,156,147,184,172,181,194,198,140,126,108,66,41,19,27,2349,17,198,,
12,0273,05/08/2020,N,19,18,12,27,62,175,302,381,352,293,333,336,364,316,297,268,338,330,243,164,148,88,47,36,4949,08,381,,
12,0273,05/08/2020,S,20,18,22,43,39,96,206,291,274,289,298,333,382,371,330,390,356,310,264,166,140,114,67,43,4862,16,390,,
16,0274,05/08/2020,N,47,28,23,31,55,122,315,466,514,642,761,865,1012,910,922,1040,1094,1102,898,673,547,266,178,115,12626,18,1102,,
16,0274,05/08/2020,S,36,31,35,39,123,308,515,677,615,652,729,822,960,965,887,920,964,1021,761,596,451,287,196,127,12717,18,1021,,
16,0275,05/08/2020,E,75,49,60,80,92,164,267,322,282,320,371,433,416,447,487,520,529,498,383,320,238,186,168,161,6868,17,529,,
16,0275,05/08/2020,W,63,53,51,107,135,149,267,405,394,360,368,374,418,466,456,547,450,331,346,318,301,182,142,111,6794,16,547,,
10,0276,05/08/2020,E,18,15,8,17,32,95,247,187,191,187,175,204,239,259,282,318,323,367,256,217,138,106,67,46,3994,18,367,,
10,0276,05/08/2020,W,11,6,6,13,28,115,270,318,282,231,214,231,278,276,267,300,313,297,264,182,145,97,55,50,4249,08,318,,
32,0277,05/08/2020,E,4,1,6,1,13,22,23,35,39,29,38,44,54,42,55,49,60,40,38,28,29,20,12,12,694,17,60,,
32,0277,05/08/2020,W,4,5,2,4,5,8,27,36,35,38,38,46,41,44,37,47,41,52,46,40,26,15,13,7,657,18,52,,
34,0278,05/08/2020,N,580,38,20,19,25,53,113,187,976,238,222,249,277,354,333,329,366,357,254,166,137,98,68,49,5508,09,976,,
34,0278,05/08/2020,S,16,16,15,24,56,96,155,268,197,188,222,248,291,277,297,281,281,286,217,142,124,94,57,23,3871,15,297,,
35,0279,05/08/2020,E,17,6,13,11,21,29,90,128,170,211,283,326,358,324,335,345,358,359,288,185,170,83,58,34,4202,18,359,,
35,0279,05/08/2020,W,18,6,8,5,8,39,96,155,198,225,292,294,320,330,314,313,331,337,240,159,122,85,38,37,3970,18,337,,
38,0280,05/08/2020,E,4,6,4,11,20,28,45,69,62,72,62,83,90,89,65,71,66,81,50,40,31,25,12,9,1095,13,90,,
38,0280,05/08/2020,W,5,3,2,5,6,44,35,58,50,46,68,74,71,82,89,86,78,67,61,49,34,31,10,13,1067,15,89,,
50,0281,05/08/2020,N,6,0,1,4,7,8,24,51,43,23,40,45,45,48,51,62,71,70,52,39,46,25,17,13,791,17,71,,
50,0281,05/08/2020,S,4,7,1,3,10,19,42,65,30,27,31,49,52,45,46,58,66,73,65,44,27,20,20,7,811,18,73,,
48,0282,05/08/2020,E,23,19,19,34,51,165,469,656,566,610,744,646,757,477,809,462,443,440,397,242,150,76,71,41,8367,15,809,,
48,0282,05/08/2020,W,39,25,16,22,27,83,205,443,429,510,682,802,922,906,887,938,957,850,699,617,469,271,138,100,11037,17,957,,
08,0283,05/08/2020,N,43,35,27,29,54,122,256,469,568,634,742,853,916,913,964,1030,991,1044,794,613,462,336,186,121,12202,18,1044,,
08,0283,05/08/2020,S,35,20,30,35,70,178,355,632,682,727,818,868,898,883,874,846,823,819,659,431,373,241,142,73,11512,13,898,,
70,0284,05/08/2020,N,5,5,2,3,11,30,90,177,234,284,359,376,393,367,377,367,386,312,250,176,119,68,50,24,4465,13,393,,
70,0284,05/08/2020,S,13,6,1,3,7,32,54,133,206,259,312,345,426,433,408,416,376,354,282,207,138,86,74,22,4593,14,433,,
58,0285,05/08/2020,N,2,1,1,6,9,18,36,43,46,52,52,61,62,49,54,54,70,64,51,40,19,18,12,14,834,17,70,,
58,0285,05/08/2020,S,7,2,4,1,8,31,52,57,65,57,65,51,70,73,57,65,65,56,39,39,31,25,8,8,936,14,73,,
29,0286,05/08/2020,N,50,21,15,34,63,63,118,146,147,191,228,269,285,290,353,335,374,334,289,247,214,125,105,68,4364,17,374,,
29,0286,05/08/2020,S,62,30,33,37,33,87,171,245,254,232,249,318,326,293,327,337,357,286,281,239,155,125,78,85,4640,17,357,,
89,0289,05/08/2020,E,7,2,1,2,6,34,69,150,84,81,93,107,96,92,109,94,99,90,81,50,30,40,10,7,1434,08,150,,
89,0289,05/08/2020,W,4,1,3,2,15,53,89,67,83,82,76,81,83,86,75,121,124,134,85,54,58,26,16,15,1433,18,134,,
08,0294,05/08/2020,N,34,29,6,9,20,48,124,177,227,292,324,380,424,426,435,453,464,479,359,296,254,148,106,75,5589,18,479,,
08,0294,05/08/2020,S,22,10,14,21,37,104,157,206,203,245,273,269,349,324,344,295,278,249,196,161,132,96,56,38,4079,13,349,,
15,0295,05/08/2020,N,159,113,86,87,131,290,565,827,956,918,1104,1205,1401,1393,1571,1514,1437,1291,1131,887,810,617,459,316,19268,15,1571,,
15,0295,05/08/2020,S,142,92,83,64,123,226,609,943,1039,1078,1075,1179,1343,1338,1355,1491,1523,1510,1256,893,809,645,419,317,19552,17,1523,,
59,0296,05/08/2020,N,15,18,8,34,47,153,505,552,448,448,485,595,571,581,635,608,638,601,564,420,310,219,123,80,8658,17,638,,
59,0296,05/08/2020,S,38,20,14,24,32,47,181,310,400,409,458,549,669,636,689,711,766,832,704,427,314,192,117,78,8617,18,832,,
29,0297,05/08/2020,N,1,2,5,5,7,31,49,107,72,101,83,75,109,97,117,105,121,134,101,69,46,31,21,12,1501,18,134,,
29,0297,05/08/2020,S,7,5,6,5,9,29,81,68,83,79,115,102,107,98,97,111,133,119,105,67,43,47,20,17,1553,17,133,,
86,0298,05/08/2020,N,163,101,71,115,127,330,954,1335,1235,1193,1198,1282,1400,1427,1426,1474,1536,1533,1297,1077,836,673,599,355,21737,17,1536,,
86,0298,05/08/2020,S,211,111,85,70,81,210,491,809,968,1038,1172,1287,1411,1440,1572,1712,1842,1739,1416,1123,1136,730,575,441,21670,17,1842,,
77,0299,05/08/2020,E,30,18,18,22,51,204,363,377,327,322,358,360,384,404,496,557,588,552,408,256,246,155,98,64,6658,17,588,,
77,0299,05/08/2020,W,0,22,18,20,53,159,332,346,159,385,230,228,420,334,472,509,557,353,268,245,199,135,89,75,5608,17,557,,
55,0300,05/08/2020,N,16,15,12,18,18,115,342,396,323,256,253,286,308,304,360,325,344,369,359,212,176,128,56,43,5034,08,396,,
55,0300,05/08/2020,S,22,8,11,16,33,148,175,183,176,216,234,297,400,393,373,421,474,583,392,277,200,134,87,45,5298,18,583,,
56,0301,05/08/2020,E,4,6,5,7,8,25,39,77,75,80,102,103,121,101,122,140,138,155,122,111,57,56,29,15,1698,18,155,,
56,0301,05/08/2020,W,11,10,8,8,9,41,93,75,95,107,81,109,109,127,138,138,144,146,157,111,87,48,40,28,1920,19,157,,
15,0302,05/08/2020,E,87,48,56,57,129,293,661,815,694,520,556,616,700,687,699,814,744,752,631,557,458,331,252,142,11299,08,815,,
15,0302,05/08/2020,W,92,77,33,24,74,164,375,589,583,660,595,740,870,777,810,970,930,893,791,570,505,393,311,229,12055,16,970,,
55,0304,05/08/2020,E,238,195,209,196,251,437,1042,1919,1960,1745,1781,1726,1907,1900,1934,2050,2026,1946,1450,1021,857,698,488,386,28362,16,2050,,
55,0304,05/08/2020,W,240,205,152,169,212,311,823,1475,1452,1489,1490,1770,2059,2087,2230,2360,2403,2429,1937,1512,1184,967,702,509,30167,18,2429,,
46,0305,05/08/2020,E,182,122,58,91,163,518,1310,1873,1653,1662,1697,1878,2098,2037,2131,2434,2489,2203,1698,1366,1033,896,727,455,30774,17,2489,,
46,0305,05/08/2020,W,136,86,79,105,163,596,1507,2035,1871,1863,1976,2158,2331,2193,2318,2466,2431,2348,1713,1347,958,725,510,323,32238,16,2466,,
86,0306,05/08/2020,E,19,14,15,13,11,16,98,126,186,184,213,270,299,313,268,246,287,306,382,250,234,135,114,62,4061,19,382,,
86,0306,05/08/2020,W,23,24,13,15,11,10,69,122,164,176,233,252,229,332,311,287,321,287,252,245,220,142,126,84,3948,14,332,,
46,0308,05/08/2020,N,51,37,33,34,70,150,337,534,644,767,1010,1145,1208,1203,1240,1297,1310,1257,819,718,463,285,169,138,14919,17,1310,,
46,0308,05/08/2020,S,51,40,24,43,92,232,664,1060,1050,931,1071,1131,1237,1176,1095,1017,1002,933,732,568,416,260,164,109,15098,13,1237,,
16,0310,05/08/2020,N,181,136,169,279,465,1025,1603,1393,1384,1368,1523,1621,1731,1765,1780,1810,1843,1753,1483,1163,976,651,499,341,26942,17,1843,,
16,0310,05/08/2020,S,258,169,135,263,224,301,784,1096,1275,1292,1355,1458,1606,1773,1824,2093,1956,2017,1740,1291,1017,803,562,405,25697,16,2093,,
78,0311,05/08/2020,N,42,27,27,40,96,237,634,1153,1186,1209,1339,1381,1412,1349,1326,1218,1188,1076,964,659,466,296,186,118,17629,13,1412,,
78,0311,05/08/2020,S,70,42,28,36,29,64,195,494,746,867,1095,1334,1548,1477,1521,1501,1595,1477,1132,917,708,416,297,196,17785,17,1595,,
54,0312,05/08/2020,N,12,15,5,8,22,35,92,152,112,155,158,179,172,184,165,188,174,161,119,95,91,49,32,23,2398,16,188,,
54,0312,05/08/2020,S,21,11,10,10,19,34,61,97,124,106,149,172,180,213,182,219,205,219,158,131,87,72,40,34,2554,16,219,,
51,0313,05/08/2020,N,7,3,3,3,5,8,32,60,53,88,87,104,109,127,155,155,180,177,124,76,86,63,40,27,1772,17,180,,
51,0313,05/08/2020,S,10,5,4,4,10,19,86,165,164,121,124,113,106,144,113,118,114,103,104,85,56,31,25,18,1842,08,165,,
88,0314,05/08/2020,N,39,35,28,27,59,144,285,660,607,614,750,808,891,915,834,789,796,740,530,437,363,279,169,116,10915,14,915,,
88,0314,05/08/2020,S,60,37,24,18,53,100,193,419,536,579,662,819,885,896,874,911,905,776,573,468,427,313,211,156,10895,16,911,,
46,0315,05/08/2020,N,12,14,11,7,14,28,66,132,156,185,215,285,326,276,276,263,244,206,153,126,74,57,58,15,3199,13,326,,
46,0315,05/08/2020,S,10,19,13,8,12,32,106,212,197,219,223,301,309,284,241,218,219,169,151,104,66,49,36,15,3213,13,309,,
51,0316,05/08/2020,E,3,4,0,2,4,8,28,52,39,66,67,60,82,84,105,93,93,90,83,59,33,34,28,22,1139,15,105,,
51,0316,05/08/2020,W,5,2,3,4,3,9,17,60,64,68,76,76,77,77,95,80,99,71,60,50,37,24,17,11,1085,17,99,,
36,0317,05/08/2020,N,499,370,360,391,583,1053,1942,2371,2531,2693,2872,2933,2837,2700,2561,2950,2757,2511,2403,1842,1568,1193,974,725,43619,16,2950,,
36,0317,05/08/2020,S,605,518,476,545,620,972,1315,1512,1618,1755,1988,2186,2456,2601,2948,3082,3248,3140,2614,2147,1859,1433,1150,852,41640,17,3248,,
57,0318,05/08/2020,E,115,115,96,107,165,302,404,575,588,538,518,650,651,734,773,764,757,791,628,465,328,306,197,171,10738,18,791,,
57,0318,05/08/2020,W,128,121,108,101,162,224,351,336,404,520,561,591,645,762,812,880,872,857,701,506,432,302,240,163,10779,16,880,,
16,0319,05/08/2020,N,34,25,27,50,87,243,326,312,270,269,324,329,368,372,389,404,430,430,373,315,236,131,116,75,5935,17,430,,
16,0319,05/08/2020,S,41,38,59,47,64,197,306,294,244,257,291,309,330,340,415,398,474,473,426,320,233,167,125,63,5911,17,474,,
29,0320,05/08/2020,N,390,297,218,247,243,386,623,906,1067,1365,1512,1617,1651,1603,1498,1493,1477,1396,1171,1053,912,743,597,457,22922,13,1651,,
29,0320,05/08/2020,S,380,351,361,349,366,427,512,744,786,956,1092,1111,1235,1451,1478,1568,1453,1343,1316,1144,937,779,608,507,21254,16,1568,,
10,0321,05/08/2020,E,170,116,102,79,114,319,733,980,901,872,972,1191,1396,1437,1453,1530,1526,1576,1455,1201,1089,783,565,379,20939,18,1576,,
10,0321,05/08/2020,W,190,118,116,86,102,239,529,803,870,996,1150,1434,1614,1536,1614,1783,1769,1715,1416,1232,939,731,589,404,21975,16,1783,,
70,0322,05/08/2020,N,170,125,100,138,167,297,496,673,810,878,955,979,971,1112,1069,1121,1131,1064,932,708,573,418,346,238,15471,17,1131,,
70,0322,05/08/2020,S,189,151,141,142,187,348,574,554,585,605,729,739,794,827,999,997,1128,981,879,741,613,497,344,253,13997,17,1128,,
26,0323,05/08/2020,N,98,62,49,26,51,76,287,454,507,604,692,767,838,862,850,860,873,831,772,635,539,386,289,248,11656,17,873,,
26,0323,05/08/2020,S,114,85,51,26,45,76,150,329,370,495,595,782,828,885,895,921,937,991,756,751,585,431,317,227,11642,18,991,,
02,0324,05/08/2020,E,29,33,31,41,65,152,367,557,562,601,634,707,753,749,799,810,773,712,464,334,236,180,115,84,9788,16,810,,
02,0324,05/08/2020,W,50,22,14,27,32,102,331,593,601,676,723,784,888,828,834,809,760,681,446,349,245,192,133,87,10207,13,888,,
48,0325,05/08/2020,E,29,19,16,16,44,132,307,399,402,432,554,530,611,560,558,546,531,500,410,277,167,102,83,53,7278,13,611,,
48,0325,05/08/2020,W,31,18,12,22,38,56,187,243,277,329,424,473,515,571,564,634,616,583,388,289,225,144,112,53,6804,16,634,,
09,0327,05/08/2020,N,36,27,27,50,61,156,132,181,196,234,262,275,309,320,337,342,427,416,344,252,201,144,64,62,4855,17,427,,
09,0327,05/08/2020,S,36,23,34,50,86,148,227,260,207,219,258,262,232,251,264,273,283,283,243,167,156,109,74,56,4201,17,283,,
47,0328,05/08/2020,N,6,4,0,8,9,41,66,83,81,94,113,107,112,132,142,154,161,119,93,70,44,31,14,8,1692,17,161,,
47,0328,05/08/2020,S,3,5,5,10,45,95,115,107,123,115,136,130,147,139,143,133,136,146,116,68,54,47,28,16,2062,13,147,,
78,0329,05/08/2020,N,28,21,15,18,29,67,241,428,628,744,879,914,963,951,920,977,939,820,622,596,437,233,181,98,11749,16,977,,
78,0329,05/08/2020,S,33,26,13,16,19,32,122,373,576,640,785,965,1052,993,1035,1015,1048,949,709,568,413,271,179,98,11930,13,1052,,
58,0330,05/08/2020,E,10,2,5,8,21,33,43,62,51,54,58,50,70,69,55,71,44,65,42,27,12,12,11,15,890,16,71,,
58,0330,05/08/2020,W,11,0,0,5,6,20,32,57,50,64,84,89,57,63,78,62,70,44,42,48,25,28,16,13,964,12,89,,
86,0331,05/08/2020,N,969,584,526,559,880,2403,5465,5945,5569,5203,5181,5644,5846,6175,6459,6469,7150,6758,5656,4504,3753,2911,2450,1924,98983,17,7150,,
86,0331,05/08/2020,S,977,621,473,511,809,1961,4631,5207,5512,5252,5315,5632,5991,5983,6094,6981,7308,7223,5821,4619,3837,3235,2587,1946,98526,17,7308,,
89,0332,05/08/2020,N,0,0,0,0,0,0,0,0,0,0,0,0,0,0,0,0,0,0,0,0,0,0,0,0,0,01,0,,
89,0332,05/08/2020,S,84,52,49,78,195,710,1574,2341,1995,1582,1626,1674,1780,1865,1808,1757,1641,1578,1235,912,676,468,351,201,26232,08,2341,,
13,0333,05/08/2020,E,91,65,51,86,166,496,1194,1592,1401,1394,1419,1555,1738,1629,1700,1814,1732,1815,1235,918,644,400,272,194,23601,18,1815,,
13,0333,05/08/2020,W,42,44,35,33,121,337,919,1300,1322,1268,1396,1610,1702,1715,1800,1837,1831,1660,1340,962,815,497,359,229,23174,16,1837,,
89,0334,05/08/2020,N,272,199,112,169,216,439,1094,1480,1430,1415,1576,1696,1881,1933,2082,2731,3157,3152,2255,1623,1251,887,636,546,32232,17,3157,,
89,0334,05/08/2020,S,240,182,189,237,502,1240,2471,2553,1923,1547,1489,1470,1583,1643,1707,1920,1916,1917,1631,1263,1054,754,610,393,30434,08,2553,,
73,0335,05/08/2020,E,28,11,10,13,17,62,202,405,606,594,773,983,1037,1024,1009,950,887,885,671,531,361,152,112,69,11392,13,1037,,
73,0335,05/08/2020,W,21,15,9,14,32,68,191,341,488,561,698,742,870,863,901,963,837,792,661,537,509,297,220,106,10736,16,963,,
47,0337,05/08/2020,N,6,5,5,4,15,71,99,111,83,121,135,152,118,143,148,170,160,158,100,92,49,39,23,12,2019,16,170,,
47,0337,05/08/2020,S,8,5,2,11,32,28,96,95,101,103,104,164,123,153,144,165,160,174,105,75,82,40,30,19,2019,18,174,,
77,0343,05/08/2020,E,0,0,0,0,0,0,0,0,0,0,0,0,0,0,0,0,0,0,0,0,0,0,0,0,0,01,0,,
77,0343,05/08/2020,W,413,290,307,363,700,1710,3185,3542,3257,2930,2854,2980,3141,3174,3492,3547,3703,3746,3300,2533,2201,1615,1190,798,54971,18,3746,,
61,0344,05/08/2020,E,4,7,4,6,12,45,103,177,129,184,183,172,202,166,180,175,189,151,104,72,59,32,20,19,2395,13,202,,
61,0344,05/08/2020,W,4,5,2,1,6,23,54,82,101,157,155,158,183,199,203,199,220,218,123,115,86,53,25,24,2396,17,220,,
70,0345,05/08/2020,N,96,48,42,40,66,173,448,914,685,774,851,850,862,967,911,944,932,967,770,694,553,393,327,210,13517,14,967,,
70,0345,05/08/2020,S,168,72,42,53,63,89,200,418,493,660,751,905,1008,1005,1029,1235,1234,1157,854,780,623,437,328,278,13882,16,1235,,
48,0348,05/08/2020,N,34,14,17,22,48,78,162,179,222,253,267,274,313,254,299,275,302,289,227,155,102,77,57,33,3953,13,313,,
48,0348,05/08/2020,S,40,30,25,27,65,127,157,168,162,187,212,272,330,287,368,308,331,271,252,198,155,109,88,55,4224,15,368,,
55,0349,05/08/2020,N,29,24,29,21,37,60,118,234,249,228,265,305,356,387,406,478,497,537,384,301,230,154,90,86,5505,18,537,,
55,0349,05/08/2020,S,27,28,20,35,42,109,290,467,323,306,301,330,375,376,408,378,369,419,363,248,199,163,109,66,5751,08,467,,
01,0350,05/08/2020,N,149,145,168,168,282,683,1353,1597,1638,1615,1665,1693,1777,1919,1822,1902,1917,1888,1442,1068,878,687,456,307,27219,14,1919,,
01,0350,05/08/2020,S,188,165,165,191,295,669,1237,1357,1306,1283,1439,1482,1574,1785,1867,2081,2026,1882,1617,1174,904,678,448,334,26147,16,2081,,
03,0351,05/08/2020,N,76,49,49,55,77,152,288,371,504,521,626,791,880,835,907,919,876,862,837,744,504,336,255,147,11661,16,919,,
03,0351,05/08/2020,S,55,45,45,53,91,132,194,290,386,374,450,532,517,611,647,695,733,807,699,620,532,407,201,119,9235,18,807,,
57,0356,05/08/2020,N,17,8,9,6,5,27,43,72,69,88,117,104,120,115,140,166,174,173,137,101,77,54,37,32,1891,17,174,,
57,0356,05/08/2020,S,9,14,6,8,32,58,106,131,98,141,131,120,121,149,133,114,130,122,100,78,42,39,24,19,1925,14,149,,
18,0358,05/08/2020,N,209,188,174,199,342,660,762,1386,1332,1658,1699,1770,1687,1556,1669,1665,1593,1520,1326,1050,845,649,478,337,24754,12,1770,,
18,0358,05/08/2020,S,343,232,241,267,292,464,685,765,955,1029,1178,1274,1403,1542,1618,1728,1814,1736,1604,1255,1081,840,622,480,23448,17,1814,,
46,0359,05/08/2020,N,36,19,14,22,27,76,156,180,257,323,324,359,398,405,442,499,595,543,414,299,218,161,100,54,5921,17,595,,
46,0359,05/08/2020,S,48,46,39,49,99,292,411,382,366,385,417,425,407,501,448,503,448,412,433,335,274,175,124,70,7089,16,503,,
78,0360,05/08/2020,N,26,19,11,17,43,152,473,688,787,812,877,1006,1159,940,872,858,965,990,805,593,422,230,156,93,12994,13,1159,,
78,0360,05/08/2020,S,44,0,0,17,20,47,166,349,459,602,687,906,1099,1087,1055,1084,1141,1211,1050,811,581,402,262,124,13204,18,1211,,
86,0362,05/08/2020,S,372,279,243,340,645,1714,3809,4702,4873,4382,4033,4044,4212,4277,4444,4945,4747,4936,3914,3038,2390,1783,1270,833,70225,16,4945,,
52,0364,05/08/2020,E,0,2,6,3,7,42,70,89,63,62,79,95,66,85,71,68,77,79,55,46,26,14,7,12,1124,12,95,,
52,0364,05/08/2020,W,7,1,4,5,10,26,53,57,48,47,67,79,85,91,93,94,90,101,62,61,35,36,18,21,1191,18,101,,
47,0365,05/08/2020,N,3,4,5,3,7,40,46,62,41,55,64,51,50,59,62,80,72,67,55,51,34,22,14,10,957,16,80,,
47,0365,05/08/2020,S,3,3,2,4,17,24,57,59,60,73,71,70,61,66,94,83,74,83,57,44,20,22,27,4,1078,15,94,,
60,0366,05/08/2020,E,92,103,98,108,164,310,415,542,626,561,559,559,702,713,688,672,602,611,562,335,271,244,178,132,9847,14,713,,
60,0366,05/08/2020,W,136,109,105,101,127,186,289,350,418,489,590,578,636,709,769,797,886,797,655,478,428,309,269,179,10390,17,886,,
01,0367,05/08/2020,N,31,29,48,50,100,206,393,621,585,618,637,598,618,610,589,654,735,649,389,284,216,156,107,76,8999,17,735,,
01,0367,05/08/2020,S,34,35,28,43,95,162,388,514,485,457,489,544,590,595,657,693,728,639,457,343,301,192,115,103,8687,17,728,,
48,0368,05/08/2020,N,228,131,94,115,202,546,1174,1492,1442,1540,1692,1949,2160,2195,2385,2812,3052,2719,1649,1261,975,806,707,458,31784,17,3052,,
48,0368,05/08/2020,S,147,107,84,119,259,909,2063,2895,2163,1887,1950,2101,2108,2102,2127,2170,2047,1932,1470,1126,806,572,502,343,31989,08,2895,,
49,0369,05/08/2020,N,4,0,0,3,7,7,23,34,45,54,59,68,65,64,66,67,64,61,56,35,31,16,12,3,844,12,68,,
49,0369,05/08/2020,S,6,10,1,2,5,9,18,35,49,61,59,76,72,76,73,75,80,68,51,44,38,16,22,12,958,17,80,,
70,0370,05/08/2020,E,98,58,79,103,161,744,1453,1431,1334,1270,1460,1622,1707,1628,1543,1559,1591,1512,1093,820,602,405,304,208,22785,13,1707,,
70,0370,05/08/2020,W,132,72,80,73,101,297,625,943,899,923,1014,1117,1335,1395,1746,2259,2094,1965,1441,1013,912,579,421,261,21697,16,2259,,
10,0372,05/08/2020,E,211,137,101,127,273,624,1557,1828,1694,1472,1514,1648,1697,1671,1845,1761,1744,1602,1342,1113,926,828,600,485,26800,15,1845,,
10,0372,05/08/2020,W,172,123,82,119,143,298,857,1030,1039,1103,1328,1427,1565,1505,1613,1907,1847,1741,1275,1098,908,781,560,445,22966,16,1907,,
10,0373,05/08/2020,N,87,66,124,139,264,666,1132,1193,1041,884,907,871,997,1013,973,1033,987,911,726,538,460,308,246,185,15751,08,1193,,
10,0373,05/08/2020,S,147,103,98,131,268,444,837,778,692,743,730,834,988,1076,1191,1387,1558,1446,978,713,598,465,367,295,16867,17,1558,,
89,0374,05/08/2020,N,19,8,9,3,15,48,154,355,456,540,626,699,802,809,809,905,1037,915,618,381,265,163,130,74,9840,17,1037,,
89,0374,05/08/2020,S,19,14,1,17,44,136,445,942,866,617,588,595,638,658,668,748,714,649,533,372,306,194,119,51,9934,08,942,,
54,0375,05/08/2020,E,178,161,136,150,149,181,281,345,466,538,638,826,858,875,958,909,927,889,720,625,423,368,263,205,12069,15,958,,
54,0375,05/08/2020,W,170,146,127,112,132,154,277,414,474,532,601,696,801,743,856,807,837,802,740,651,537,479,342,278,11708,15,856,,
55,0376,05/08/2020,E,21,13,12,26,36,118,431,869,720,563,540,553,563,550,553,543,582,562,503,304,248,195,140,92,8737,08,869,,
55,0376,05/08/2020,W,34,17,19,23,35,88,225,314,384,441,496,596,739,644,693,789,929,947,608,417,341,215,117,93,9204,18,947,,
86,0380,05/08/2020,E,302,199,184,206,397,1009,2669,3614,3618,3030,2886,2952,3093,3067,3116,3273,3327,3541,2854,2069,1653,1307,1037,666,50069,09,3618,,
86,0380,05/08/2020,W,379,256,197,206,313,788,1991,3066,3398,3017,2998,3415,3724,3837,3815,4483,4957,4954,3547,2601,1983,1444,1102,858,57329,17,4957,,
86,0381,05/08/2020,E,0,0,2,3,37,77,367,652,567,281,203,239,185,14,1,0,0,0,6,8,0,0,0,0,2642,08,652,,
86,0381,05/08/2020,W,9,6,2,0,0,0,0,1,0,0,1,0,0,126,289,448,543,512,288,121,64,55,29,21,2515,17,543,,
87,0382,05/08/2020,E,0,0,0,19,102,289,547,380,135,271,335,305,346,287,192,181,91,83,88,2,0,2,1,0,3656,07,547,,
87,0382,05/08/2020,W,0,0,0,1,4,17,42,142,201,299,327,352,266,425,408,532,386,247,109,1,1,0,3,1,3764,16,532,,
87,0383,05/08/2020,E,23,36,24,28,45,178,434,391,390,371,376,379,430,421,473,515,652,571,490,500,379,227,184,102,7619,17,652,,
87,0383,05/08/2020,W,24,17,22,38,68,257,432,374,358,372,392,481,528,536,571,647,615,582,463,384,224,182,112,109,7788,16,647,,
86,0384,05/08/2020,E,172,104,70,78,199,272,778,1080,1133,1129,1177,1126,1395,1385,1367,1343,1435,1431,1303,1043,913,698,567,370,20568,17,1435,,
86,0384,05/08/2020,W,157,89,84,53,118,227,460,791,922,1016,1125,1240,1331,1396,1430,1570,1605,1511,1200,1083,860,665,506,370,19809,17,1605,,
57,0385,05/08/2020,E,101,63,56,74,131,416,1199,1473,1528,1324,1345,1258,1357,1245,1327,1311,1312,1176,968,712,477,373,236,151,19613,09,1528,,
57,0385,05/08/2020,W,105,59,43,41,76,159,431,782,834,846,1070,1165,1283,1216,1451,1705,1876,1681,1302,995,739,604,532,309,19304,17,1876,,
57,0386,05/08/2020,E,100,62,53,70,116,365,1097,1351,1365,1277,1322,1315,1452,1376,1373,1307,1318,1249,1118,919,629,510,339,218,20301,13,1452,,
57,0386,05/08/2020,W,94,53,51,44,74,175,444,835,933,1079,1179,1413,1517,1383,1539,1758,1767,1664,1397,1071,753,611,495,253,20582,17,1767,,
58,0398,05/08/2020,N,30,17,15,37,102,362,577,426,382,440,364,461,512,573,455,466,514,494,468,348,254,166,107,80,7650,07,577,,
58,0398,05/08/2020,S,52,37,34,40,56,202,409,420,402,430,502,537,570,610,736,822,579,456,392,262,211,181,185,140,8265,16,822,,
97,0403,05/08/2020,N,457,348,221,329,522,1282,3006,3266,3092,2668,2620,2850,3095,3200,3534,3849,3857,3507,2851,2180,1699,1407,1115,794,51749,17,3857,,
97,0403,05/08/2020,S,428,293,238,238,424,1097,2527,2894,2904,2572,2517,2613,2795,2880,3112,3716,3803,3580,2802,2064,1715,1399,1048,724,48383,17,3803,,
97,0406,05/08/2020,N,19,19,11,18,34,89,261,381,403,374,376,332,397,406,480,459,471,461,338,215,147,105,62,50,5908,15,480,,
97,0406,05/08/2020,S,12,40,41,21,56,175,295,303,300,293,259,320,404,353,419,441,478,405,277,231,159,93,56,35,5466,17,478,,
97,0416,05/08/2020,N,182,130,121,141,236,473,889,1497,1499,1494,1436,1483,1540,1558,1628,1778,1777,1719,1432,969,742,512,433,299,23968,16,1778,,
97,0416,05/08/2020,S,129,113,112,128,162,269,587,725,738,829,929,1009,1143,1259,1666,1872,1764,1588,1295,990,706,416,312,235,18976,16,1872,,
97,0417,05/08/2020,N,186,131,119,130,208,418,711,1107,1100,1143,1185,1278,1337,1291,1357,1453,1758,1583,1320,918,684,507,386,295,20605,17,1758,,
97,0417,05/08/2020,S,193,147,152,185,235,452,872,1093,963,864,863,923,1007,1090,1436,1560,1473,1309,1155,937,799,595,459,315,19077,16,1560,,
97,0430,05/08/2020,N,138,92,98,131,318,987,1310,1490,1491,1326,1413,1417,1589,1677,1636,1732,1681,1634,1354,1116,937,763,482,330,25142,16,1732,,
97,0430,05/08/2020,S,232,103,112,102,232,431,1061,1453,1429,1309,1215,1427,1566,1572,1766,1944,2041,2051,1808,1400,1143,911,615,498,26421,18,2051,,
10,0446,05/08/2020,N,125,72,80,125,234,597,1180,1416,1398,1536,1662,1782,1814,1879,1748,1834,1732,1681,1570,524,180,637,504,313,24623,14,1879,,
10,0446,05/08/2020,S,176,105,70,59,63,158,463,783,955,1049,1245,1509,1710,1777,1948,2083,2214,2253,1972,1609,1261,919,625,403,25409,18,2253,,
10,0447,05/08/2020,E,221,153,115,123,182,380,694,773,782,789,888,1115,1247,1127,1180,1362,1300,1234,1013,903,779,642,514,407,17923,16,1362,,
10,0447,05/08/2020,W,182,115,96,122,197,472,913,1052,960,872,786,1003,1023,1041,1146,1191,1155,1081,943,735,679,558,431,306,17059,16,1191,,
10,0448,05/08/2020,N,194,96,79,68,80,169,487,826,936,974,1229,1348,1609,1685,1835,2068,2019,1792,1354,1156,983,780,608,482,22857,16,2068,,
10,0448,05/08/2020,S,119,83,71,102,209,634,1469,1787,1675,1590,1636,1682,1861,1859,1799,1824,1694,1634,1310,1029,826,626,551,265,26335,13,1861,,
10,0449,05/08/2020,N,135,108,103,111,219,577,1324,1291,1153,1059,1096,1168,1246,1200,1164,1284,1156,1162,912,759,633,562,350,299,19071,07,1324,,
10,0449,05/08/2020,S,171,126,89,93,132,250,627,937,944,1042,1176,1394,1577,1538,1627,1832,1982,1871,1467,1073,838,687,550,378,22401,17,1982,,
10,0450,05/08/2020,E,153,74,72,88,108,219,432,737,830,1094,1292,1635,1889,2032,2071,2074,2304,2331,1821,1646,1249,707,519,335,25712,18,2331,,
10,0450,05/08/2020,W,134,84,73,109,216,639,1342,1579,1436,1560,1617,1727,1856,1829,1776,1694,1666,1699,1500,1209,906,568,373,265,25857,13,1856,,
10,0451,05/08/2020,E,111,91,62,84,174,402,824,922,1133,1041,1120,1166,1331,1258,1478,1613,1594,1599,1342,1016,811,606,403,292,20473,16,1613,,
10,0451,05/08/2020,W,115,69,37,56,151,312,737,996,982,1014,1014,1218,1310,1356,1445,1491,1585,1527,1315,938,743,530,385,222,19548,17,1585,,
10,0452,05/08/2020,N,95,44,26,24,50,112,279,534,632,686,818,1026,1137,1222,1231,1376,1315,1363,1082,905,645,467,304,195,15568,16,1376,,
10,0452,05/08/2020,S,61,37,44,45,101,319,635,834,957,1009,969,1151,1213,1174,1103,1117,1075,1120,953,706,559,339,249,127,15897,13,1213,,
97,0453,05/08/2020,N,256,97,89,84,123,275,794,1277,1352,1411,1518,1670,2117,2227,2580,3079,3299,3064,2153,1526,1252,980,722,466,32411,17,3299,,
97,0453,05/08/2020,S,110,80,91,136,273,921,2475,2691,2502,2177,2109,2244,2251,2136,2013,2063,1979,1925,1574,1186,873,620,411,280,33120,08,2691,,
35,9902,05/08/2020,E,192,145,133,153,152,152,259,333,424,505,585,721,827,837,862,893,878,839,768,623,435,374,283,205,11578,16,893,,
35,9902,05/08/2020,W,181,135,125,107,125,153,287,392,449,508,579,745,708,786,823,795,812,765,709,624,559,405,329,259,11360,15,823,,
26,9904,05/08/2020,N,398,309,275,315,372,589,1064,1444,1636,1841,2053,2053,1997,1862,1894,1861,1804,1644,1583,1476,1158,915,736,557,29836,11,2053,,
26,9904,05/08/2020,S,454,397,374,395,437,614,764,931,1128,1165,1397,1621,1721,1873,2024,2199,2199,2139,1703,1548,1230,1016,821,578,28728,16,2199,,
72,9905,05/08/2020,N,309,264,263,267,390,946,2346,2662,2781,2472,2724,2956,2642,2513,2615,2765,2761,2599,2307,1745,1203,1001,787,572,41890,12,2956,,
72,9905,05/08/2020,S,379,305,281,241,381,628,1547,2017,1814,1818,2019,2242,2707,2835,2848,3062,3210,3136,2448,1913,1377,1063,836,604,39711,17,3210,,
79,9906,05/08/2020,E,290,403,243,287,485,895,1961,2323,2373,2557,3048,3131,3342,3367,3652,4136,4134,3898,3205,2363,1794,1336,1098,706,51027,16,4136,,
79,9906,05/08/2020,W,335,281,280,331,670,1583,2643,2895,2495,2234,2234,2362,2453,2586,2773,2913,3134,3038,2740,2317,1947,1440,925,749,45358,17,3134,,
46,9907,05/08/2020,N,59,20,20,30,44,94,182,244,347,414,419,429,494,534,581,630,737,705,511,361,298,153,123,76,7505,17,737,,
46,9907,05/08/2020,S,51,43,48,65,110,283,566,551,526,501,511,549,518,613,565,613,525,524,470,389,293,212,167,86,8779,14,613,,
34,9909,05/08/2020,N,20,14,13,19,28,62,112,199,228,308,404,479,480,560,584,584,558,575,514,408,275,177,113,71,6785,15,584,,
34,9909,05/08/2020,S,24,21,23,29,52,71,168,290,347,355,452,472,518,499,519,479,423,467,360,274,214,139,85,53,6334,15,519,,
72,9914,05/08/2020,N,282,234,280,489,707,1217,2192,2258,2014,1954,1974,1649,1856,1880,2025,2421,2628,2608,2164,1584,1295,1074,887,627,36299,17,2628,,
72,9914,05/08/2020,S,429,305,397,475,589,804,1571,2065,1715,1833,2069,1934,2116,2267,2572,2999,2829,2767,2458,1746,1476,1357,1067,804,38644,16,2999,,
48,9916,05/08/2020,N,87,37,38,32,76,215,369,531,619,702,786,786,917,947,1044,1217,1265,1230,855,618,491,292,184,148,13486,17,1265,,
48,9916,05/08/2020,S,82,44,48,62,135,378,930,1151,951,887,933,924,954,946,899,939,944,815,661,517,319,251,193,117,14080,08,1151,,
07,9918,05/08/2020,N,66,55,60,119,180,258,430,381,405,407,504,563,576,629,637,693,820,776,657,521,383,220,147,113,9600,17,820,,
07,9918,05/08/2020,S,58,47,33,52,118,266,466,515,517,446,445,537,562,543,548,566,509,599,483,335,254,221,126,98,8344,18,599,,
70,9919,05/08/2020,N,295,179,216,255,381,870,1547,1920,1944,1880,2082,2136,2247,2388,2557,2822,3038,2820,2134,1655,1242,942,664,528,36742,17,3038,,
70,9919,05/08/2020,S,288,235,217,253,333,695,1767,2269,1914,1931,1974,1960,2259,2290,2384,2730,2816,2719,2214,1657,1181,921,659,499,36165,17,2816,,
18,9920,05/08/2020,N,238,195,163,215,320,619,1038,1334,1327,1623,1760,1793,1630,1528,1699,1579,1576,1477,1305,1050,835,643,489,352,24788,12,1793,,
18,9920,05/08/2020,S,321,260,259,289,328,512,705,811,961,1013,1170,1247,1360,1513,1617,1695,1700,1712,1506,1187,1088,821,618,501,23194,18,1712,,
74,9923,05/08/2020,N,329,289,248,243,338,652,950,1166,1237,1427,1635,1777,1997,1825,1767,1781,1678,1635,1367,1121,877,679,593,478,26089,13,1997,,
74,9923,05/08/2020,S,302,260,280,255,319,586,875,940,952,1048,1254,1277,1397,1305,1389,1433,1402,1427,1433,1014,858,756,537,415,21714,16,1433,,
79,9925,05/08/2020,E,25,30,17,26,59,199,496,650,477,426,410,440,474,477,477,511,455,454,351,252,190,160,116,89,7261,08,650,,
79,9925,05/08/2020,W,38,26,23,25,39,76,251,306,318,296,359,368,425,439,550,619,735,685,494,332,250,214,126,97,7091,17,735,,
16,9927,05/08/2020,E,108,86,81,97,149,219,445,601,542,426,418,468,525,559,557,694,675,619,521,461,355,275,202,173,9256,16,694,,
16,9927,05/08/2020,W,82,70,65,84,136,361,486,373,365,371,387,438,487,466,547,615,604,632,457,350,299,234,196,171,8276,18,632,,
79,9929,05/08/2020,N,30,41,20,29,37,98,176,320,382,413,531,587,643,518,565,583,539,448,347,265,178,134,83,60,7027,13,643,,
79,9929,05/08/2020,S,26,13,19,19,91,155,237,245,251,324,403,469,526,521,549,575,561,485,451,281,244,139,98,63,6745,16,575,,
97,9931,05/08/2020,N,211,172,171,141,247,414,777,1006,1092,1107,1075,1183,1140,1203,1169,1312,1229,1186,1087,855,639,565,420,359,18760,16,1312,,
97,9931,05/08/2020,S,246,215,200,247,304,445,671,687,679,790,862,950,1035,1145,1229,1355,1397,1475,1116,957,782,616,484,384,18271,18,1475,,
97,9933,05/08/2020,N,231,135,102,119,184,400,1415,2157,2128,1831,1641,1830,2005,1945,2145,2632,2474,3030,2142,1489,1106,810,613,456,33020,18,3030,,
97,9933,05/08/2020,S,187,139,108,155,269,766,1762,2487,2603,2012,1916,1890,1937,2073,2189,2514,2689,2639,1899,1392,1045,779,551,377,34378,17,2689,,
29,9936,05/08/2020,E,148,146,127,149,153,260,282,362,406,461,529,562,647,673,758,762,764,740,632,504,441,330,299,209,10344,17,764,,
29,9936,05/08/2020,W,115,116,101,95,119,201,331,409,487,542,661,706,699,689,743,753,768,714,634,523,344,296,255,185,10486,17,768,,
50,9940,05/08/2020,N,22,15,17,13,21,48,123,238,170,168,200,212,246,229,278,272,296,313,279,257,163,116,76,53,3825,18,313,,
50,9940,05/08/2020,S,28,23,16,19,25,44,197,227,196,187,194,234,288,282,295,337,332,418,314,223,204,135,92,54,4364,18,418,,
53,9943,05/08/2020,E,13,8,7,8,11,61,86,86,87,108,152,171,185,189,188,192,201,218,164,146,101,81,50,31,2544,18,218,,
53,9943,05/08/2020,W,12,4,7,9,33,44,117,204,175,167,191,177,168,159,173,225,195,155,127,90,73,44,28,21,2598,16,225,,
87,9947,05/08/2020,N,86,72,93,191,311,743,889,1002,981,906,924,1061,1039,1092,1079,1142,1122,957,712,506,371,302,210,193,15984,16,1142,,
87,9947,05/08/2020,S,78,60,61,90,174,386,797,1014,998,1096,1035,1051,1162,1068,1189,1167,1124,998,748,579,465,319,252,178,16089,15,1189,,
16,9948,05/08/2020,N,85,75,68,86,182,405,645,754,739,674,718,810,851,768,842,895,855,869,667,535,436,307,227,163,12656,16,895,,
16,9948,05/08/2020,S,104,78,88,82,130,331,540,555,568,619,647,693,775,834,837,872,896,919,829,612,492,429,272,209,12411,18,919,,
48,9949,05/08/2020,E,213,159,170,175,268,691,1361,1760,1580,1455,1565,1625,1691,1719,1685,1816,1825,1598,1285,965,760,619,471,386,25842,17,1825,,
48,9949,05/08/2020,W,215,158,158,165,221,465,860,1001,1069,1107,1255,1551,1756,1621,1798,1979,2129,1951,1693,1083,863,667,458,356,24579,17,2129,,
03,9950,05/08/2020,N,209,133,133,173,351,795,1824,2349,2248,2149,2335,2640,2944,2905,3171,3896,3845,3554,2587,1818,1367,966,719,446,43557,16,3896,,
03,9950,05/08/2020,S,152,128,124,172,314,873,3135,3832,3275,2644,2362,2493,2405,2579,2608,2815,2762,2765,2219,1658,1177,885,608,398,42383,08,3832,,
16,9951,05/08/2020,E,305,271,232,302,492,1220,1818,1741,1659,1713,1754,1885,2061,2290,2303,2766,2785,2800,2418,1940,1506,1339,1050,638,37288,18,2800,,
16,9951,05/08/2020,W,297,265,275,320,527,1072,1698,2019,1972,2040,2202,2355,2387,2613,2592,2797,2714,2503,2113,1642,1279,1004,694,553,37933,16,2797,,
93,9952,05/08/2020,N,319,220,139,220,322,712,1750,2743,2396,2762,2829,3005,3269,3400,3503,4414,4850,4488,3170,2209,1645,1203,887,676,51131,17,4850,,
93,9952,05/08/2020,S,335,229,262,261,541,1179,2698,4020,3438,2794,2517,2649,2721,2757,2833,3123,3434,3266,2759,2100,1739,1410,967,507,48539,08,4020,,
10,9953,05/08/2020,N,464,319,338,420,874,2316,4164,4437,4014,3939,3988,3920,4026,3903,4267,4799,4540,4415,4068,2932,2335,1996,1326,938,68738,16,4799,,
10,9953,05/08/2020,S,561,442,331,391,615,1476,3389,3465,3168,3262,2892,3326,3739,4112,4442,4950,5108,5481,4088,3298,2661,2034,1526,1088,65845,18,5481,,
10,9955,05/08/2020,N,244,152,106,124,217,397,905,1106,1148,1146,1248,1392,1586,1569,1656,2246,2357,2271,1772,1327,1023,770,619,433,25814,17,2357,,
10,9955,05/08/2020,S,197,127,139,167,281,903,1795,1753,1786,1576,1531,1702,1713,1531,1636,1703,1579,1545,1418,1113,881,721,484,330,26611,07,1795,,
32,9956,05/08/2020,N,348,269,271,234,239,283,462,724,873,1123,1334,1382,1419,1348,1281,1260,1211,1234,985,883,741,649,502,443,19498,13,1419,,
32,9956,05/08/2020,S,317,331,335,317,368,418,549,614,740,882,973,971,1026,1216,1307,1344,1208,1130,1094,976,826,656,543,449,18590,16,1344,,
53,9957,05/08/2020,N,3,4,4,1,12,41,64,82,81,90,117,135,143,122,127,154,150,157,133,117,54,60,32,19,1902,18,157,,
53,9957,05/08/2020,S,10,2,7,7,17,37,102,109,100,120,147,140,126,156,119,150,125,137,132,94,58,29,39,15,1978,14,156,,
60,9958,05/08/2020,E,102,90,92,101,131,205,285,397,525,539,566,574,692,656,674,590,579,540,503,367,253,228,164,126,8979,13,692,,
60,9958,05/08/2020,W,137,99,110,102,138,220,321,336,456,482,551,573,629,706,702,742,782,703,608,502,413,299,256,190,10057,17,782,,
60,9959,05/08/2020,N,11,8,5,4,10,26,59,96,122,159,172,200,204,210,179,176,182,182,131,115,72,51,26,26,2426,14,210,,
60,9959,05/08/2020,S,27,12,13,14,13,46,62,78,107,145,154,177,184,188,231,219,213,208,191,130,87,73,39,32,2643,15,231,,
97,9961,05/08/2020,N,241,174,127,164,225,500,988,1081,1064,906,922,925,1058,1133,1216,1108,1136,1224,1045,948,770,622,478,345,18400,18,1224,,
97,9961,05/08/2020,S,197,198,185,209,237,290,486,598,664,775,892,998,1151,1186,1373,1426,1489,1480,1236,935,773,547,414,305,18044,17,1489,,
10,9962,05/08/2020,E,461,348,318,428,669,1525,2650,2985,2670,2786,2647,2928,3203,3530,3792,4594,4831,4453,3664,2802,2131,1822,1336,922,57495,17,4831,,
10,9962,05/08/2020,W,423,374,345,444,804,2188,3844,3500,3209,3165,3341,3468,3597,3695,3775,4091,3919,3899,3186,2479,1962,1566,1208,816,59298,16,4091,,
28,9963,05/08/2020,N,128,101,84,99,119,219,350,529,633,726,759,831,885,891,883,920,952,908,685,513,441,312,227,185,12380,17,952,,
28,9963,05/08/2020,S,129,105,113,116,174,297,563,722,590,554,673,658,706,785,737,786,794,784,727,597,413,315,263,204,11805,17,794,,
93,9964,05/08/2020,N,50,30,25,22,48,141,214,206,232,219,233,260,278,299,291,288,330,357,283,226,196,155,88,83,4554,18,357,,
93,9964,05/08/2020,S,33,22,25,29,57,122,273,276,265,268,279,321,314,342,336,396,373,419,321,280,211,151,106,95,5314,18,419,,
93,9965,05/08/2020,N,35,42,54,95,119,143,224,207,221,244,289,332,348,327,369,428,475,399,298,263,167,104,108,48,5339,17,475,,
93,9965,05/08/2020,S,37,28,34,40,60,190,459,251,255,237,243,278,279,256,277,296,283,260,246,185,105,110,87,50,4546,07,459,,
17,9967,05/08/2020,N,160,134,125,279,537,1087,2455,2777,2321,1919,1832,1941,1844,1804,1814,1741,1797,1638,1367,1027,872,705,484,299,30959,08,2777,,
17,9967,05/08/2020,S,137,120,121,142,190,288,536,709,837,845,905,901,1068,1244,1393,1709,1695,1608,1114,770,608,456,357,227,17980,16,1709,,
